[Info: 2023-06-05 20:42:24.6186600: NetQueue.cpp(186)] NetQueue: Setting up.
[Info: 2023-06-05 20:42:24.6195671: NetQueue.cpp(671)] NetQueue: worker thread started.
[Info: 2023-06-05 20:42:24.6196488: mainWindows.cpp(81)] Running launcher bootstrap (version 1.2.4)
[Info: 2023-06-05 20:42:24.6346030: NetQueue.cpp(186)] NetQueue: Setting up.
[Info: 2023-06-05 20:42:24.6355288: NetQueue.cpp(671)] NetQueue: worker thread started.
[Info: 2023-06-05 20:42:24.6361731: Common.cpp(32)] Native Launcher Version: 1.2.4
[Info: 2023-06-05 20:42:24.6362308: Common.cpp(33)] Operating System: Windows 10 Enterprise
[Info: 2023-06-05 20:42:24.6371735: Common.cpp(34)] Application Data directory: C:\...\.minecraft
[Info: 2023-06-05 20:42:24.6373731: Common.cpp(35)] Executable Path: /:\...\MinecraftLauncher.exe
[Info: 2023-06-05 20:42:24.6374106: Common.cpp(36)] App Directory dir: C:\...\Minecraft Launcher
[Info: 2023-06-05 20:42:24.6374451: Common.cpp(37)] Game data directory: C:\...\.minecraft
[Info: 2023-06-05 20:42:24.6374744: Common.cpp(38)] Launcher dir: C:\...\game
[Info: 2023-06-05 20:42:24.6375031: Common.cpp(39)] Update dir: C:\...\update_files
[Info: 2023-06-05 20:42:24.6375326: Common.cpp(40)] TmpDir dir: C:\...\MinecraftLauncher
[Info: 2023-06-05 20:42:24.6424648: UpdateTools.cpp(118)] Using update preferences at path: C:\...\launcher_profiles.json
[Warning: 2023-06-05 20:42:24.6529599: UpdateTools.cpp(41)] Failed to get clientToken from configuration, launcher updater will fall back to using stable versions instead of controlled experiment versions.
[Warning: 2023-06-05 20:42:24.6530279: UpdateTools.cpp(84)] Unexpected update selection strategy: . Setting to: STABLE_VERSIONS
[Warning: 2023-06-05 20:42:24.6530616: UpdateTools.cpp(97)] Unable to find 'channel' key in settings.
[Info: 2023-06-05 20:42:24.6530977: UpdateTools.cpp(121)] Failed to read update preferences from C:\...\launcher_profiles.json
[Info: 2023-06-05 20:42:24.6531371: UpdateTools.cpp(132)] Using update preferences at path: C:\...\launcher_settings.json
[Warning: 2023-06-05 20:42:24.6533722: UpdateTools.cpp(84)] Unexpected update selection strategy: . Setting to: CONTROLLED_EXPERIMENT
[Info: 2023-06-05 20:42:24.6534023: LauncherConfiguration.cpp(93)] Update preferences: strategy: 2, clientId: 1423825935, channel: release
[Info: 2023-06-05 20:42:24.6607221: Auth.cpp(213)] Token in STS has expired, removing from storage
[Info: 2023-06-05 20:42:24.6621444: Auth.cpp(271)] STS Token successfully removed
[Info: 2023-06-05 20:42:24.6623581: NetQueue.cpp(700)] NetQueue: Starting net action https://redstone-launcher.mojang.com/release/v2/products/launcher/8c27cef2cad375cacbb4a98169dae13a58fb7c09/win32.json?
[Info: 2023-06-05 20:42:24.7550147: NetQueue.cpp(484)] NetQueue: Primary ip: 13.107.238.33, Host: redstone-launcher.mojang.com
[Info: 2023-06-05 20:42:24.7550814: NetQueue.cpp(573)] NetQueue: Action finished: https://redstone-launcher.mojang.com/release/v2/products/launcher/8c27cef2cad375cacbb4a98169dae13a58fb7c09/win32.json?
[Info: 2023-06-05 20:42:24.7551120: NetQueue.cpp(615)] Action finalized: https://redstone-launcher.mojang.com/release/v2/products/launcher/8c27cef2cad375cacbb4a98169dae13a58fb7c09/win32.json?
[Info: 2023-06-05 20:42:24.7552231: AzureUpdateTools.cpp(226)] Version of bootstrap is current, no action is necessary.
[Info: 2023-06-05 20:42:24.7552514: UpdateTools.cpp(220)] bootstrap is current
[Info: 2023-06-05 20:42:24.7586698: AzureUpdateTools.cpp(222)] We should change core from 2.4.69 to 2.4.79
[Info: 2023-06-05 20:42:24.7587067: UpdateTools.cpp(210)] core update is needed.
[Info: 2023-06-05 20:42:24.7587284: main.cpp(38)] Core outdated!
[Info: 2023-06-05 20:42:24.7588153: main.cpp(70)] Update in folder C:\...\game will now run. (https://redstone-launcher.mojang.com/release/v2/packages/ca4b443c9247b022fe3540a3633cfafbb9cda5a7/manifest.json to version 2.4.79)
[Info: 2023-06-05 20:42:24.7593171: main.cpp(62)] Status reported: Downloading manifest...
[Info: 2023-06-05 20:42:24.7593590: Updating.cpp(84)] Downloading https://redstone-launcher.mojang.com/release/v2/packages/ca4b443c9247b022fe3540a3633cfafbb9cda5a7/manifest.json
[Info: 2023-06-05 20:42:24.7598846: NetQueue.cpp(700)] NetQueue: Starting net action https://redstone-launcher.mojang.com/release/v2/packages/ca4b443c9247b022fe3540a3633cfafbb9cda5a7/manifest.json
[Info: 2023-06-05 20:42:24.7772953: NetQueue.cpp(484)] NetQueue: Primary ip: 13.107.238.33, Host: redstone-launcher.mojang.com
[Info: 2023-06-05 20:42:24.7773381: NetQueue.cpp(573)] NetQueue: Action finished: https://redstone-launcher.mojang.com/release/v2/packages/ca4b443c9247b022fe3540a3633cfafbb9cda5a7/manifest.json
[Info: 2023-06-05 20:42:24.7773732: NetQueue.cpp(615)] Action finalized: https://redstone-launcher.mojang.com/release/v2/packages/ca4b443c9247b022fe3540a3633cfafbb9cda5a7/manifest.json
[Info: 2023-06-05 20:42:24.7819298: main.cpp(62)] Status reported: Inspecting current version and preparing for update...
[Info: 2023-06-05 20:42:24.7907201: Updating.cpp(227)] Target path: C:\...\game
[Info: 2023-06-05 20:42:24.7913437: Sha1Cacher.cpp(129)] SHA1 cacher get C:\...\.version, internal: /:\...\.version
[Info: 2023-06-05 20:42:24.7915629: Sha1Cacher.cpp(129)] SHA1 cacher get C:\...\chrome_100_percent.pak, internal: /:\...\chrome_100_percent.pak
[Info: 2023-06-05 20:42:24.7917745: Sha1Cacher.cpp(129)] SHA1 cacher get C:\...\chrome_200_percent.pak, internal: /:\...\chrome_200_percent.pak
[Info: 2023-06-05 20:42:24.7919637: Sha1Cacher.cpp(129)] SHA1 cacher get C:\...\chrome_elf.dll, internal: /:\...\chrome_elf.dll
[Info: 2023-06-05 20:42:24.7921672: Sha1Cacher.cpp(129)] SHA1 cacher get C:\...\d3dcompiler_47.dll, internal: /:\...\d3dcompiler_47.dll
[Info: 2023-06-05 20:42:24.7967959: Sha1Cacher.cpp(129)] SHA1 cacher get C:\...\icudtl.dat, internal: /:\...\icudtl.dat
[Info: 2023-06-05 20:42:24.8137762: Sha1Cacher.cpp(129)] SHA1 cacher get C:\...\JavaCheck.jar, internal: /:\...\JavaCheck.jar
[Info: 2023-06-05 20:42:24.8139790: Sha1Cacher.cpp(129)] SHA1 cacher get C:\...\launcher.dll, internal: /:\...\launcher.dll
[Info: 2023-06-05 20:42:24.8141374: Sha1Cacher.cpp(129)] SHA1 cacher get C:\...\libcef.dll, internal: /:\...\libcef.dll
[Info: 2023-06-05 20:42:24.8142876: Sha1Cacher.cpp(129)] SHA1 cacher get C:\...\libEGL.dll, internal: /:\...\libEGL.dll
[Info: 2023-06-05 20:42:24.8144402: Sha1Cacher.cpp(129)] SHA1 cacher get C:\...\libGLESv2.dll, internal: /:\...\libGLESv2.dll
[Info: 2023-06-05 20:42:24.8212170: Sha1Cacher.cpp(129)] SHA1 cacher get C:\...\am.pak, internal: /:\...\am.pak
[Info: 2023-06-05 20:42:24.8304082: Sha1Cacher.cpp(129)] SHA1 cacher get C:\...\ar.pak, internal: /:\...\ar.pak
[Info: 2023-06-05 20:42:24.8388743: Sha1Cacher.cpp(129)] SHA1 cacher get C:\...\bg.pak, internal: /:\...\bg.pak
[Info: 2023-06-05 20:42:24.8492978: Sha1Cacher.cpp(129)] SHA1 cacher get C:\...\bn.pak, internal: /:\...\bn.pak
[Info: 2023-06-05 20:42:24.8584989: Sha1Cacher.cpp(129)] SHA1 cacher get C:\...\ca.pak, internal: /:\...\ca.pak
[Info: 2023-06-05 20:42:24.8697792: Sha1Cacher.cpp(129)] SHA1 cacher get C:\...\cs.pak, internal: /:\...\cs.pak
[Info: 2023-06-05 20:42:24.8797785: Sha1Cacher.cpp(129)] SHA1 cacher get C:\...\da.pak, internal: /:\...\da.pak
[Info: 2023-06-05 20:42:24.8875355: Sha1Cacher.cpp(129)] SHA1 cacher get C:\...\de.pak, internal: /:\...\de.pak
[Info: 2023-06-05 20:42:24.8956849: Sha1Cacher.cpp(129)] SHA1 cacher get C:\...\el.pak, internal: /:\...\el.pak
[Info: 2023-06-05 20:42:24.9030591: Sha1Cacher.cpp(129)] SHA1 cacher get C:\...\en-GB.pak, internal: /:\...\en-GB.pak
[Info: 2023-06-05 20:42:24.9091514: Sha1Cacher.cpp(129)] SHA1 cacher get C:\...\en-US.pak, internal: /:\...\en-US.pak
[Info: 2023-06-05 20:42:24.9174998: Sha1Cacher.cpp(129)] SHA1 cacher get C:\...\es-419.pak, internal: /:\...\es-419.pak
[Info: 2023-06-05 20:42:24.9273302: Sha1Cacher.cpp(129)] SHA1 cacher get C:\...\es.pak, internal: /:\...\es.pak
[Info: 2023-06-05 20:42:24.9353723: Sha1Cacher.cpp(129)] SHA1 cacher get C:\...\et.pak, internal: /:\...\et.pak
[Info: 2023-06-05 20:42:24.9424563: Sha1Cacher.cpp(129)] SHA1 cacher get C:\...\fa.pak, internal: /:\...\fa.pak
[Info: 2023-06-05 20:42:24.9526028: Sha1Cacher.cpp(129)] SHA1 cacher get C:\...\fi.pak, internal: /:\...\fi.pak
[Info: 2023-06-05 20:42:24.9604086: Sha1Cacher.cpp(129)] SHA1 cacher get C:\...\fil.pak, internal: /:\...\fil.pak
[Info: 2023-06-05 20:42:24.9686658: Sha1Cacher.cpp(129)] SHA1 cacher get C:\...\fr.pak, internal: /:\...\fr.pak
[Info: 2023-06-05 20:42:24.9763507: Sha1Cacher.cpp(129)] SHA1 cacher get C:\...\gu.pak, internal: /:\...\gu.pak
[Info: 2023-06-05 20:42:24.9852098: Sha1Cacher.cpp(129)] SHA1 cacher get C:\...\he.pak, internal: /:\...\he.pak
[Info: 2023-06-05 20:42:24.9928850: Sha1Cacher.cpp(129)] SHA1 cacher get C:\...\hi.pak, internal: /:\...\hi.pak
[Info: 2023-06-05 20:42:25.0007203: Sha1Cacher.cpp(129)] SHA1 cacher get C:\...\hr.pak, internal: /:\...\hr.pak
[Info: 2023-06-05 20:42:25.0077922: Sha1Cacher.cpp(129)] SHA1 cacher get C:\...\hu.pak, internal: /:\...\hu.pak
[Info: 2023-06-05 20:42:25.0138302: Sha1Cacher.cpp(129)] SHA1 cacher get C:\...\id.pak, internal: /:\...\id.pak
[Info: 2023-06-05 20:42:25.0196751: Sha1Cacher.cpp(129)] SHA1 cacher get C:\...\it.pak, internal: /:\...\it.pak
[Info: 2023-06-05 20:42:25.0281222: Sha1Cacher.cpp(129)] SHA1 cacher get C:\...\ja.pak, internal: /:\...\ja.pak
[Info: 2023-06-05 20:42:25.0340219: Sha1Cacher.cpp(129)] SHA1 cacher get C:\...\kn.pak, internal: /:\...\kn.pak
[Info: 2023-06-05 20:42:25.0416380: Sha1Cacher.cpp(129)] SHA1 cacher get C:\...\ko.pak, internal: /:\...\ko.pak
[Info: 2023-06-05 20:42:25.0484976: Sha1Cacher.cpp(129)] SHA1 cacher get C:\...\lt.pak, internal: /:\...\lt.pak
[Info: 2023-06-05 20:42:25.0556705: Sha1Cacher.cpp(129)] SHA1 cacher get C:\...\lv.pak, internal: /:\...\lv.pak
[Info: 2023-06-05 20:42:25.0611382: Sha1Cacher.cpp(129)] SHA1 cacher get C:\...\ml.pak, internal: /:\...\ml.pak
[Info: 2023-06-05 20:42:25.0671031: Sha1Cacher.cpp(129)] SHA1 cacher get C:\...\mr.pak, internal: /:\...\mr.pak
[Info: 2023-06-05 20:42:25.0756137: Sha1Cacher.cpp(129)] SHA1 cacher get C:\...\ms.pak, internal: /:\...\ms.pak
[Info: 2023-06-05 20:42:25.0819410: Sha1Cacher.cpp(129)] SHA1 cacher get C:\...\nb.pak, internal: /:\...\nb.pak
[Info: 2023-06-05 20:42:25.0880652: Sha1Cacher.cpp(129)] SHA1 cacher get C:\...\nl.pak, internal: /:\...\nl.pak
[Info: 2023-06-05 20:42:25.0948504: Sha1Cacher.cpp(129)] SHA1 cacher get C:\...\pl.pak, internal: /:\...\pl.pak
[Info: 2023-06-05 20:42:25.1020237: Sha1Cacher.cpp(129)] SHA1 cacher get C:\...\pt-BR.pak, internal: /:\...\pt-BR.pak
[Info: 2023-06-05 20:42:25.1099609: Sha1Cacher.cpp(129)] SHA1 cacher get C:\...\pt-PT.pak, internal: /:\...\pt-PT.pak
[Info: 2023-06-05 20:42:25.1177668: Sha1Cacher.cpp(129)] SHA1 cacher get C:\...\ro.pak, internal: /:\...\ro.pak
[Info: 2023-06-05 20:42:25.1247349: Sha1Cacher.cpp(129)] SHA1 cacher get C:\...\ru.pak, internal: /:\...\ru.pak
[Info: 2023-06-05 20:42:25.1312863: Sha1Cacher.cpp(129)] SHA1 cacher get C:\...\sk.pak, internal: /:\...\sk.pak
[Info: 2023-06-05 20:42:25.1374139: Sha1Cacher.cpp(129)] SHA1 cacher get C:\...\sl.pak, internal: /:\...\sl.pak
[Info: 2023-06-05 20:42:25.1433621: Sha1Cacher.cpp(129)] SHA1 cacher get C:\...\sr.pak, internal: /:\...\sr.pak
[Info: 2023-06-05 20:42:25.1505758: Sha1Cacher.cpp(129)] SHA1 cacher get C:\...\sv.pak, internal: /:\...\sv.pak
[Info: 2023-06-05 20:42:25.1583159: Sha1Cacher.cpp(129)] SHA1 cacher get C:\...\sw.pak, internal: /:\...\sw.pak
[Info: 2023-06-05 20:42:25.1641805: Sha1Cacher.cpp(129)] SHA1 cacher get C:\...\ta.pak, internal: /:\...\ta.pak
[Info: 2023-06-05 20:42:25.1706908: Sha1Cacher.cpp(129)] SHA1 cacher get C:\...\te.pak, internal: /:\...\te.pak
[Info: 2023-06-05 20:42:25.1763532: Sha1Cacher.cpp(129)] SHA1 cacher get C:\...\th.pak, internal: /:\...\th.pak
[Info: 2023-06-05 20:42:25.1854526: Sha1Cacher.cpp(129)] SHA1 cacher get C:\...\tr.pak, internal: /:\...\tr.pak
[Info: 2023-06-05 20:42:25.1972885: Sha1Cacher.cpp(129)] SHA1 cacher get C:\...\uk.pak, internal: /:\...\uk.pak
[Info: 2023-06-05 20:42:25.2058142: Sha1Cacher.cpp(129)] SHA1 cacher get C:\...\vi.pak, internal: /:\...\vi.pak
[Info: 2023-06-05 20:42:25.2150471: Sha1Cacher.cpp(129)] SHA1 cacher get C:\...\zh-CN.pak, internal: /:\...\zh-CN.pak
[Info: 2023-06-05 20:42:25.2230967: Sha1Cacher.cpp(129)] SHA1 cacher get C:\...\zh-TW.pak, internal: /:\...\zh-TW.pak
[Info: 2023-06-05 20:42:25.2342654: Sha1Cacher.cpp(129)] SHA1 cacher get C:\...\background.zip, internal: /:\...\background.zip
[Info: 2023-06-05 20:42:25.2447441: Sha1Cacher.cpp(129)] SHA1 cacher get C:\...\common.zip, internal: /:\...\common.zip
[Info: 2023-06-05 20:42:25.2575310: Sha1Cacher.cpp(129)] SHA1 cacher get C:\...\dungeonscarousel.zip, internal: /:\...\dungeonscarousel.zip
[Info: 2023-06-05 20:42:25.2668552: Sha1Cacher.cpp(129)] SHA1 cacher get C:\...\icons.zip, internal: /:\...\icons.zip
[Info: 2023-06-05 20:42:25.2800606: Sha1Cacher.cpp(129)] SHA1 cacher get C:\...\images.zip, internal: /:\...\images.zip
[Info: 2023-06-05 20:42:25.2937758: Sha1Cacher.cpp(129)] SHA1 cacher get C:\...\legendscarosel.zip, internal: /:\...\legendscarosel.zip
[Info: 2023-06-05 20:42:25.3081791: Sha1Cacher.cpp(129)] SHA1 cacher get C:\...\logos.zip, internal: /:\...\logos.zip
[Info: 2023-06-05 20:42:25.3203861: Sha1Cacher.cpp(129)] SHA1 cacher get C:\...\minecraftlive.zip, internal: /:\...\minecraftlive.zip
[Info: 2023-06-05 20:42:25.3346676: Sha1Cacher.cpp(129)] SHA1 cacher get C:\...\onevanilla.zip, internal: /:\...\onevanilla.zip
[Info: 2023-06-05 20:42:25.3548315: Sha1Cacher.cpp(129)] SHA1 cacher get C:\...\upsellcontent.zip, internal: /:\...\upsellcontent.zip
[Info: 2023-06-05 20:42:25.3644635: Sha1Cacher.cpp(129)] SHA1 cacher get C:\...\resources.pak, internal: /:\...\resources.pak
[Info: 2023-06-05 20:42:25.3772580: Sha1Cacher.cpp(129)] SHA1 cacher get C:\...\snapshot_blob.bin, internal: /:\...\snapshot_blob.bin
[Info: 2023-06-05 20:42:25.3844584: Sha1Cacher.cpp(129)] SHA1 cacher get C:\...\libEGL.dll, internal: /:\...\libEGL.dll
[Info: 2023-06-05 20:42:25.3891174: Sha1Cacher.cpp(129)] SHA1 cacher get C:\...\libGLESv2.dll, internal: /:\...\libGLESv2.dll
[Info: 2023-06-05 20:42:25.3945979: Sha1Cacher.cpp(129)] SHA1 cacher get C:\...\vk_swiftshader_icd.json, internal: /:\...\vk_swiftshader_icd.json
[Info: 2023-06-05 20:42:25.3948312: Sha1Cacher.cpp(129)] SHA1 cacher get C:\...\v8_context_snapshot.bin, internal: /:\...\v8_context_snapshot.bin
[Info: 2023-06-05 20:42:25.4005518: Sha1Cacher.cpp(129)] SHA1 cacher get C:\...\vulkan-1.dll, internal: /:\...\vulkan-1.dll
[Info: 2023-06-05 20:42:25.4016419: Sha1Cacher.cpp(129)] SHA1 cacher get C:\...\vk_swiftshader.dll, internal: /:\...\vk_swiftshader.dll
[Info: 2023-06-05 20:42:25.6195615: Updating.cpp(245)] Staging path: C:\...\PistonStaging
[Info: 2023-06-05 20:42:25.6205777: main.cpp(62)] Status reported: Downloading update files...
[Info: 2023-06-05 20:42:25.6214185: NetQueue.cpp(700)] NetQueue: Starting net action https://redstone-launcher.mojang.com/release/v2/objects/322f0a4331347ec377d9058abcb816a6a65828dd/JavaCheck.jar
[Info: 2023-06-05 20:42:25.6214681: NetQueue.cpp(700)] NetQueue: Starting net action https://redstone-launcher.mojang.com/release/v2/objects/00be5b22007bdca84607d83103549eccacb8166d/launcher.dll
[Info: 2023-06-05 20:42:25.6525890: NetQueue.cpp(484)] NetQueue: Primary ip: 13.107.238.33, Host: redstone-launcher.mojang.com
[Info: 2023-06-05 20:42:25.6526427: NetQueue.cpp(573)] NetQueue: Action finished: https://redstone-launcher.mojang.com/release/v2/objects/322f0a4331347ec377d9058abcb816a6a65828dd/JavaCheck.jar
[Info: 2023-06-05 20:42:25.6529042: NetQueue.cpp(615)] Action finalized: https://redstone-launcher.mojang.com/release/v2/objects/322f0a4331347ec377d9058abcb816a6a65828dd/JavaCheck.jar
[Info: 2023-06-05 20:42:26.5602904: NetQueue.cpp(484)] NetQueue: Primary ip: 13.107.238.33, Host: redstone-launcher.mojang.com
[Info: 2023-06-05 20:42:26.5603231: NetQueue.cpp(573)] NetQueue: Action finished: https://redstone-launcher.mojang.com/release/v2/objects/00be5b22007bdca84607d83103549eccacb8166d/launcher.dll
[Info: 2023-06-05 20:42:26.5604574: NetQueue.cpp(615)] Action finalized: https://redstone-launcher.mojang.com/release/v2/objects/00be5b22007bdca84607d83103549eccacb8166d/launcher.dll
[Info: 2023-06-05 20:42:26.5605375: main.cpp(62)] Status reported: Updating...
[Info: 2023-06-05 20:42:26.5607670: Updating.cpp(418)] DeleteFile(C:\...\.version)
[Info: 2023-06-05 20:42:26.5609915: Updating.cpp(418)] DeleteFile(C:\...\JavaCheck.jar)
[Info: 2023-06-05 20:42:26.5613598: Updating.cpp(418)] DeleteFile(C:\...\launcher.dll)
[Info: 2023-06-05 20:42:26.5628977: Updating.cpp(406)] CopyFile(C:\...\322f0a4331347ec377d9058abcb816a6a65828dd, C:\...\JavaCheck.jar, executable)
[Info: 2023-06-05 20:42:26.5643519: Updating.cpp(406)] CopyFile(C:\...\00be5b22007bdca84607d83103549eccacb8166d, C:\...\launcher.dll, executable)
[Info: 2023-06-05 20:42:27.3009822: Updating.cpp(395)] SetPermissions(C:\...\chrome_100_percent.pak, executable)
[Info: 2023-06-05 20:42:27.3012930: Updating.cpp(395)] SetPermissions(C:\...\chrome_200_percent.pak, executable)
[Info: 2023-06-05 20:42:27.3013604: Updating.cpp(395)] SetPermissions(C:\...\chrome_elf.dll, executable)
[Info: 2023-06-05 20:42:27.3018410: Updating.cpp(395)] SetPermissions(C:\...\d3dcompiler_47.dll, executable)
[Info: 2023-06-05 20:42:27.3020733: Updating.cpp(395)] SetPermissions(C:\...\icudtl.dat, executable)
[Info: 2023-06-05 20:42:27.3023072: Updating.cpp(395)] SetPermissions(C:\...\libEGL.dll, executable)
[Info: 2023-06-05 20:42:27.3025343: Updating.cpp(395)] SetPermissions(C:\...\libGLESv2.dll, executable)
[Info: 2023-06-05 20:42:27.3027708: Updating.cpp(395)] SetPermissions(C:\...\libcef.dll, executable)
[Info: 2023-06-05 20:42:27.3028349: Updating.cpp(395)] SetPermissions(C:\...\am.pak, executable)
[Info: 2023-06-05 20:42:27.3033966: Updating.cpp(395)] SetPermissions(C:\...\ar.pak, executable)
[Info: 2023-06-05 20:42:27.3038549: Updating.cpp(395)] SetPermissions(C:\...\bg.pak, executable)
[Info: 2023-06-05 20:42:27.3041135: Updating.cpp(395)] SetPermissions(C:\...\bn.pak, executable)
[Info: 2023-06-05 20:42:27.3043437: Updating.cpp(395)] SetPermissions(C:\...\ca.pak, executable)
[Info: 2023-06-05 20:42:27.3043977: Updating.cpp(395)] SetPermissions(C:\...\cs.pak, executable)
[Info: 2023-06-05 20:42:27.3048037: Updating.cpp(395)] SetPermissions(C:\...\da.pak, executable)
[Info: 2023-06-05 20:42:27.3051211: Updating.cpp(395)] SetPermissions(C:\...\de.pak, executable)
[Info: 2023-06-05 20:42:27.3053819: Updating.cpp(395)] SetPermissions(C:\...\el.pak, executable)
[Info: 2023-06-05 20:42:27.3057260: Updating.cpp(395)] SetPermissions(C:\...\en-GB.pak, executable)
[Info: 2023-06-05 20:42:27.3060774: Updating.cpp(395)] SetPermissions(C:\...\en-US.pak, executable)
[Info: 2023-06-05 20:42:27.3061577: Updating.cpp(395)] SetPermissions(C:\...\es-419.pak, executable)
[Info: 2023-06-05 20:42:27.3066569: Updating.cpp(395)] SetPermissions(C:\...\es.pak, executable)
[Info: 2023-06-05 20:42:27.3069647: Updating.cpp(395)] SetPermissions(C:\...\et.pak, executable)
[Info: 2023-06-05 20:42:27.3073041: Updating.cpp(395)] SetPermissions(C:\...\fa.pak, executable)
[Info: 2023-06-05 20:42:27.3075884: Updating.cpp(395)] SetPermissions(C:\...\fi.pak, executable)
[Info: 2023-06-05 20:42:27.3076501: Updating.cpp(395)] SetPermissions(C:\...\fil.pak, executable)
[Info: 2023-06-05 20:42:27.3078356: Updating.cpp(395)] SetPermissions(C:\...\fr.pak, executable)
[Info: 2023-06-05 20:42:27.3080189: Updating.cpp(395)] SetPermissions(C:\...\gu.pak, executable)
[Info: 2023-06-05 20:42:27.3081805: Updating.cpp(395)] SetPermissions(C:\...\he.pak, executable)
[Info: 2023-06-05 20:42:27.3083382: Updating.cpp(395)] SetPermissions(C:\...\hi.pak, executable)
[Info: 2023-06-05 20:42:27.3084942: Updating.cpp(395)] SetPermissions(C:\...\hr.pak, executable)
[Info: 2023-06-05 20:42:27.3085335: Updating.cpp(395)] SetPermissions(C:\...\hu.pak, executable)
[Info: 2023-06-05 20:42:27.3086930: Updating.cpp(395)] SetPermissions(C:\...\id.pak, executable)
[Info: 2023-06-05 20:42:27.3088901: Updating.cpp(395)] SetPermissions(C:\...\it.pak, executable)
[Info: 2023-06-05 20:42:27.3090640: Updating.cpp(395)] SetPermissions(C:\...\ja.pak, executable)
[Info: 2023-06-05 20:42:27.3092291: Updating.cpp(395)] SetPermissions(C:\...\kn.pak, executable)
[Info: 2023-06-05 20:42:27.3093882: Updating.cpp(395)] SetPermissions(C:\...\ko.pak, executable)
[Info: 2023-06-05 20:42:27.3094277: Updating.cpp(395)] SetPermissions(C:\...\lt.pak, executable)
[Info: 2023-06-05 20:42:27.3095821: Updating.cpp(395)] SetPermissions(C:\...\lv.pak, executable)
[Info: 2023-06-05 20:42:27.3097387: Updating.cpp(395)] SetPermissions(C:\...\ml.pak, executable)
[Info: 2023-06-05 20:42:27.3098855: Updating.cpp(395)] SetPermissions(C:\...\mr.pak, executable)
[Info: 2023-06-05 20:42:27.3100189: Updating.cpp(395)] SetPermissions(C:\...\ms.pak, executable)
[Info: 2023-06-05 20:42:27.3100557: Updating.cpp(395)] SetPermissions(C:\...\nb.pak, executable)
[Info: 2023-06-05 20:42:27.3101896: Updating.cpp(395)] SetPermissions(C:\...\nl.pak, executable)
[Info: 2023-06-05 20:42:27.3103249: Updating.cpp(395)] SetPermissions(C:\...\pl.pak, executable)
[Info: 2023-06-05 20:42:27.3104586: Updating.cpp(395)] SetPermissions(C:\...\pt-BR.pak, executable)
[Info: 2023-06-05 20:42:27.3105921: Updating.cpp(395)] SetPermissions(C:\...\pt-PT.pak, executable)
[Info: 2023-06-05 20:42:27.3107260: Updating.cpp(395)] SetPermissions(C:\...\ro.pak, executable)
[Info: 2023-06-05 20:42:27.3107642: Updating.cpp(395)] SetPermissions(C:\...\ru.pak, executable)
[Info: 2023-06-05 20:42:27.3108971: Updating.cpp(395)] SetPermissions(C:\...\sk.pak, executable)
[Info: 2023-06-05 20:42:27.3110297: Updating.cpp(395)] SetPermissions(C:\...\sl.pak, executable)
[Info: 2023-06-05 20:42:27.3111630: Updating.cpp(395)] SetPermissions(C:\...\sr.pak, executable)
[Info: 2023-06-05 20:42:27.3113199: Updating.cpp(395)] SetPermissions(C:\...\sv.pak, executable)
[Info: 2023-06-05 20:42:27.3113836: Updating.cpp(395)] SetPermissions(C:\...\sw.pak, executable)
[Info: 2023-06-05 20:42:27.3115860: Updating.cpp(395)] SetPermissions(C:\...\ta.pak, executable)
[Info: 2023-06-05 20:42:27.3118102: Updating.cpp(395)] SetPermissions(C:\...\te.pak, executable)
[Info: 2023-06-05 20:42:27.3120156: Updating.cpp(395)] SetPermissions(C:\...\th.pak, executable)
[Info: 2023-06-05 20:42:27.3121686: Updating.cpp(395)] SetPermissions(C:\...\tr.pak, executable)
[Info: 2023-06-05 20:42:27.3123228: Updating.cpp(395)] SetPermissions(C:\...\uk.pak, executable)
[Info: 2023-06-05 20:42:27.3123613: Updating.cpp(395)] SetPermissions(C:\...\vi.pak, executable)
[Info: 2023-06-05 20:42:27.3124970: Updating.cpp(395)] SetPermissions(C:\...\zh-CN.pak, executable)
[Info: 2023-06-05 20:42:27.3126336: Updating.cpp(395)] SetPermissions(C:\...\zh-TW.pak, executable)
[Info: 2023-06-05 20:42:27.3127781: Updating.cpp(395)] SetPermissions(C:\...\background.zip, executable)
[Info: 2023-06-05 20:42:27.3129361: Updating.cpp(395)] SetPermissions(C:\...\common.zip, executable)
[Info: 2023-06-05 20:42:27.3131054: Updating.cpp(395)] SetPermissions(C:\...\dungeonscarousel.zip, executable)
[Info: 2023-06-05 20:42:27.3131497: Updating.cpp(395)] SetPermissions(C:\...\icons.zip, executable)
[Info: 2023-06-05 20:42:27.3133378: Updating.cpp(395)] SetPermissions(C:\...\images.zip, executable)
[Info: 2023-06-05 20:42:27.3135385: Updating.cpp(395)] SetPermissions(C:\...\legendscarosel.zip, executable)
[Info: 2023-06-05 20:42:27.3137378: Updating.cpp(395)] SetPermissions(C:\...\logos.zip, executable)
[Info: 2023-06-05 20:42:27.3139042: Updating.cpp(395)] SetPermissions(C:\...\minecraftlive.zip, executable)
[Info: 2023-06-05 20:42:27.3139588: Updating.cpp(395)] SetPermissions(C:\...\onevanilla.zip, executable)
[Info: 2023-06-05 20:42:27.3141201: Updating.cpp(395)] SetPermissions(C:\...\upsellcontent.zip, executable)
[Info: 2023-06-05 20:42:27.3142599: Updating.cpp(395)] SetPermissions(C:\...\resources.pak, executable)
[Info: 2023-06-05 20:42:27.3144005: Updating.cpp(395)] SetPermissions(C:\...\snapshot_blob.bin, executable)
[Info: 2023-06-05 20:42:27.3145439: Updating.cpp(395)] SetPermissions(C:\...\libEGL.dll, executable)
[Info: 2023-06-05 20:42:27.3146909: Updating.cpp(395)] SetPermissions(C:\...\libGLESv2.dll, executable)
[Info: 2023-06-05 20:42:27.3147657: Updating.cpp(395)] SetPermissions(C:\...\v8_context_snapshot.bin, executable)
[Info: 2023-06-05 20:42:27.3149489: Updating.cpp(395)] SetPermissions(C:\...\vk_swiftshader.dll, executable)
[Info: 2023-06-05 20:42:27.3151369: Updating.cpp(395)] SetPermissions(C:\...\vk_swiftshader_icd.json, executable)
[Info: 2023-06-05 20:42:27.3153222: Updating.cpp(395)] SetPermissions(C:\...\vulkan-1.dll, executable)
[Info: 2023-06-05 20:42:27.3155467: main.cpp(62)] Status reported: Cleaning up...
[Info: 2023-06-05 20:42:27.3183670: Updating.cpp(651)] Update succeeded, writing version file to: C:\...\.version !
[Info: 2023-06-05 20:42:27.3186863: StartLibrary.cpp(62)] Starting C:\...\launcher.dll
[Info: 2023-06-05 20:42:27.5047927: StartLibrary.cpp(111)] Running launcher!
[Info: 2023-06-05 20:42:27.5048391: StartLibrary.cpp(113)] Logging is open, passing it to Launcher Core.
[Info: 2023-06-05 20:42:27.5057599: LauncherMain.cpp(114)] Initiated models
[Info: 2023-06-05 20:42:27.5073470: LauncherMain.cpp(285)] Initiated app arguments
[Info: 2023-06-05 20:42:27.5073859: LauncherMain.cpp(342)] Initiated directories
[Info: 2023-06-05 20:42:27.5075147: LauncherMain.cpp(364)] Initialized network
[Info: 2023-06-05 20:42:27.5075534: NetQueue.cpp(267)] NetQueue: Setting up.
[Info: 2023-06-05 20:42:27.5079653: NetQueue.cpp(985)] NetQueue: worker thread started.
[Info: 2023-06-05 20:42:27.5081241: LauncherMain.cpp(387)] Initialized Sentry
[Info: 2023-06-05 20:42:27.5081671: LauncherMain.cpp(395)] workDir: %USERPROFILE%\AppData\Roaming\.minecraft
[Info: 2023-06-05 20:42:27.5082147: LauncherMain.cpp(405)] appDir: C:\...\Minecraft Launcher
[Info: 2023-06-05 20:42:27.5128444: LauncherMain.cpp(431)] Launcher core version: 2.4.79 (f5117abe10804ba36c248f8ad79b97eca98348b2)
[Info: 2023-06-05 20:42:27.5128946: LauncherMain.cpp(432)] Main process: true
[Info: 2023-06-05 20:42:27.5129916: NetQueue.cpp(267)] NetQueue: Setting up.
[Info: 2023-06-05 20:42:27.5132750: NetQueue.cpp(985)] NetQueue: worker thread started.
[Info: 2023-06-05 20:42:27.5142393: NetQueue.cpp(767)] NetQueue: Starting net action https://www.xboxab.com/ab
[Info: 2023-06-05 20:42:27.5143723: LauncherController.cpp(538)] Constructing launcher controller with workDir: %USERPROFILE%\AppData\Roaming\.minecraft, isActive: 1
[Info: 2023-06-05 20:42:27.5292308: NetQueue.cpp(267)] NetQueue: Setting up.
[Info: 2023-06-05 20:42:27.5295146: NetQueue.cpp(985)] NetQueue: worker thread started.
[Info: 2023-06-05 20:42:27.5353185: XalStorage.cpp(520)] Parsing content from MSA File
[Info: 2023-06-05 20:42:27.5354776: XalContext.cpp(500)] ClockSkew is 6655975 (0 seconds)
[Info: 2023-06-05 20:42:27.5356244: Xal.lib(0)] XAL: Initializing Xal 2021.11.20220411.002, Win32 platform
[Info: 2023-06-05 20:42:27.5356559: Xal.lib(0)] XAL: Init args:
[Info: 2023-06-05 20:42:27.5356817: Xal.lib(0)] XAL:     sandbox: 
[Info: 2023-06-05 20:42:27.5357023: Xal.lib(0)] XAL:     disableDiagnosticTelemetry: false
[Info: 2023-06-05 20:42:27.5357590: Xal.lib(0)] XAL:     correlationVector: (null)
[Info: 2023-06-05 20:42:27.5357952: Xal.lib(0)] XAL:     flags: 91000000
[Info: 2023-06-05 20:42:27.5358222: Xal.lib(0)] XAL:     thirdPartyConsent (0)
[Info: 2023-06-05 20:42:27.5358493: Xal.lib(0)] XAL:     redirectUri: 
[Warning: 2023-06-05 20:42:27.5359224: Xal.lib(0)] XAL: Expected REG_SZ type for SOFTWARE\Microsoft\XboxLive\Sandbox, found 0 instead
[Info: 2023-06-05 20:42:27.5380163: Xal.lib(0)] XAL: Diagnostic telemetry disabled: false
[Info: 2023-06-05 20:42:27.5384254: Xal.lib(0)] XAL: [op 65512032] Operation UploadTelemetryEventsWithDelay is starting
[Info: 2023-06-05 20:42:27.5384627: Xal.lib(0)] XAL_TELEMETRY: AppActivation Version="2021.11.20220411.002"
[Info: 2023-06-05 20:42:27.5385693: Xal.lib(0)] XAL: [op 65515056] Operation InitializeComponents is starting
[Info: 2023-06-05 20:42:27.5385933: Xal.lib(0)] XAL: [op 65515056]     with CV 'ke1Ow0Hy6RlRqmOO.0.0'
[Info: 2023-06-05 20:42:27.5386793: Xal.lib(0)] XAL: [op 107981152] Operation InitializeTokenStack is starting
[Info: 2023-06-05 20:42:27.5386999: Xal.lib(0)] XAL: [op 107981152]     with CV 'ke1Ow0Hy6RlRqmOO.0.0'
[Info: 2023-06-05 20:42:27.5387875: Xal.lib(0)] XAL: [op 65513376] Operation LoadClockSkew is starting
[Info: 2023-06-05 20:42:27.5388057: Xal.lib(0)] XAL: [op 65513376]     with CV 'ke1Ow0Hy6RlRqmOO.0.0'
[Info: 2023-06-05 20:42:27.5388339: Xal.lib(0)] XAL: [op 108039512] Client operation StorageReadPlatformOperation starting (promise 65511696)
[Error: 2023-06-05 20:42:27.5437604: PersistentReflectedStruct.h(44)] Data version 3 is greater than current version 0 but we don't support downgrading.
[Warning: 2023-06-05 20:42:27.5438007: PreferencesManager.cpp(567)] Unable to load profile settings.
[Info: 2023-06-05 20:42:27.5440605: PreferencesManager.cpp(116)] Removed %USERPROFILE%\AppData\Roaming\.minecraft\launcher_profiles_microsoft_store.json
[Info: 2023-06-05 20:42:27.5491666: GameVersionManager.cpp(269)] Reading local cache of the Mojang versions manifest (version_manifest_v2.json)...
[Info: 2023-06-05 20:42:27.5569468: GameVersionManager.cpp(309)] Looking for installed versions in %USERPROFILE%\AppData\Roaming\.minecraft\versions
[Info: 2023-06-05 20:42:27.5624745: GameVersionManager.cpp(350)] Parsing version 1.19
[Info: 2023-06-05 20:42:27.5704392: GameVersionManager.cpp(350)] Parsing version 1.19.4
[Info: 2023-06-05 20:42:27.5779967: GameVersionManager.cpp(350)] Parsing version 1.20-pre1
[Info: 2023-06-05 20:42:27.5864864: GameVersionManager.cpp(350)] Parsing version 1.20-pre4
[Info: 2023-06-05 20:42:27.5932180: GameVersionManager.cpp(350)] Parsing version 23w14a
[Info: 2023-06-05 20:42:27.6012385: GameVersionManager.cpp(350)] Parsing version 23w17a
[Info: 2023-06-05 20:42:27.6102526: GameVersionManager.cpp(350)] Parsing version 23w18a
[Info: 2023-06-05 20:42:27.6176359: GameVersionManager.cpp(350)] Parsing version fabric-loader-0.14.19-1.19
[Info: 2023-06-05 20:42:27.6220005: GameVersionManager.cpp(350)] Parsing version fabric-loader-0.14.19-1.19.4
[Info: 2023-06-05 20:42:27.6446846: Xal.lib(0)] XAL: [op 108039512] Client operation StorageReadPlatformOperation calling platform handler
[Info: 2023-06-05 20:42:27.6448216: Xal.lib(0)] XAL: [op 108039512] Added operation as handle 06708DC4 with type 78CFF0FC
[Info: 2023-06-05 20:42:27.6448789: XalStorage.cpp(316)] [op 06708DC4] Xal Read callback - Started
[Info: 2023-06-05 20:42:27.6449184: XalStorage.cpp(416)] [op 06708DC4] Xal Read callback - Failed
[Info: 2023-06-05 20:42:27.6451702: Xal.lib(0)] XAL: [op 108039512] Client operation StorageReadPlatformOperation platform handler reported completion status 'XalPlatformOperationResult_Failure' (1)
[Info: 2023-06-05 20:42:27.6452073: Xal.lib(0)] XAL: [op 108039512] Cleared operation handle 06708DC4
[Info: 2023-06-05 20:42:27.6452369: Xal.lib(0)] XAL: [op 108039512] Client operation StorageReadPlatformOperation failed with result 0x89235107: Client operation failed
[Info: 2023-06-05 20:42:27.7186319: NetQueue.cpp(767)] NetQueue: Starting net action https://launchermeta.mojang.com/mc/game/version_manifest_v2.json
[Info: 2023-06-05 20:42:27.7216007: NetQueue.cpp(557)] NetQueue: Primary ip: 13.107.5.91, Host: www.xboxab.com
[Info: 2023-06-05 20:42:27.7216427: NetQueue.cpp(646)] NetQueue: Action finished: https://www.xboxab.com/ab
[Error: 2023-06-05 20:42:27.7217389: TreatmentTagFetcher.cpp(97)] https://www.xboxab.com/ab.AssignmentContext: Unknown key
[Error: 2023-06-05 20:42:27.7217677: TreatmentTagFetcher.cpp(97)] https://www.xboxab.com/ab.Configs: Unknown key
[Error: 2023-06-05 20:42:27.7217846: TreatmentTagFetcher.cpp(97)] https://www.xboxab.com/ab.FlightingVersion: Unknown key
[Error: 2023-06-05 20:42:27.7218013: TreatmentTagFetcher.cpp(97)] https://www.xboxab.com/ab.Flights: Unknown key
[Error: 2023-06-05 20:42:27.7218172: TreatmentTagFetcher.cpp(97)] https://www.xboxab.com/ab.ImpressionId: Unknown key
[Error: 2023-06-05 20:42:27.7218327: TreatmentTagFetcher.cpp(97)] https://www.xboxab.com/ab.ParameterGroups: Unknown key
[Info: 2023-06-05 20:42:27.7222622: NetQueue.cpp(676)] Action finalized: https://www.xboxab.com/ab
[Info: 2023-06-05 20:42:27.7694693: Xal.lib(0)] XAL: [op 108039512] Client operation StorageReadPlatformOperation continuing (promise 65511696)
[Warning: 2023-06-05 20:42:27.7695366: Xal.lib(0)] XAL: Clock skew failed to be read: 0x89235107 "Client operation failed"
[Warning: 2023-06-05 20:42:27.7695572: Xal.lib(0)] XAL: [op 65513376] Operation LoadClockSkew failed with result: 0x89235107 - Client operation failed
[Info: 2023-06-05 20:42:27.7697463: Xal.lib(0)] XAL: [op 66674200] Operation LoadDeviceIdentity is starting
[Info: 2023-06-05 20:42:27.7697815: Xal.lib(0)] XAL: [op 66674200]     with CV 'ke1Ow0Hy6RlRqmOO.0.0'
[Info: 2023-06-05 20:42:27.7698109: Xal.lib(0)] XAL: [op 108041096] Client operation StorageReadPlatformOperation starting (promise 65512368)
[Info: 2023-06-05 20:42:27.7698414: Xal.lib(0)] XAL: [op 108039512] Client operation StorageReadPlatformOperation destroyed
[Info: 2023-06-05 20:42:27.7698857: Xal.lib(0)] XAL: [op 108041096] Client operation StorageReadPlatformOperation calling platform handler
[Info: 2023-06-05 20:42:27.7699153: Xal.lib(0)] XAL: [op 108041096] Added operation as handle 067093F4 with type 78CFF0FC
[Info: 2023-06-05 20:42:27.7699295: XalStorage.cpp(316)] [op 067093F4] Xal Read callback - Started
[Info: 2023-06-05 20:42:27.7699576: XalStorage.cpp(428)] [op 067093F4] Xal Read callback - Succeeded
[Info: 2023-06-05 20:42:27.7701006: Xal.lib(0)] XAL: [op 108041096] Client operation StorageReadPlatformOperation platform handler reported completion status 'XalPlatformOperationResult_Success' (0)
[Info: 2023-06-05 20:42:27.7701243: Xal.lib(0)] XAL: [op 108041096] Cleared operation handle 067093F4
[Info: 2023-06-05 20:42:27.7701400: Xal.lib(0)] XAL: [op 108041096] Client operation StorageReadPlatformOperation succeeded
[Info: 2023-06-05 20:42:27.8165462: NetQueue.cpp(557)] NetQueue: Primary ip: 13.107.237.33, Host: launchermeta.mojang.com
[Info: 2023-06-05 20:42:27.8166029: NetQueue.cpp(646)] NetQueue: Action finished: https://launchermeta.mojang.com/mc/game/version_manifest_v2.json
[Info: 2023-06-05 20:42:27.8166269: NetQueue.cpp(676)] Action finalized: https://launchermeta.mojang.com/mc/game/version_manifest_v2.json
[Info: 2023-06-05 20:42:27.8166920: GameVersionManager.cpp(433)] Got available versions manifest from https://launchermeta.mojang.com/mc/game/version_manifest_v2.json
[Info: 2023-06-05 20:42:27.8249096: GameVersionManager.cpp(514)] Request version details for: 1.19.4
[Info: 2023-06-05 20:42:27.8250006: NetQueue.cpp(767)] NetQueue: Starting net action https://piston-meta.mojang.com/v1/packages/d840477f541f324365b5cd87661b329846d64185/1.19.4.json
[Info: 2023-06-05 20:42:27.8958726: Xal.lib(0)] XAL: [op 108041096] Client operation StorageReadPlatformOperation continuing (promise 65512368)
[Info: 2023-06-05 20:42:27.8961488: Xal.lib(0)] XAL: [op 108038984] Client operation StorageReadPlatformOperation starting (promise 65514272)
[Info: 2023-06-05 20:42:27.8961857: Xal.lib(0)] XAL: [op 108041096] Client operation StorageReadPlatformOperation destroyed
[Info: 2023-06-05 20:42:27.8962158: Xal.lib(0)] XAL: [op 108038984] Client operation StorageReadPlatformOperation calling platform handler
[Info: 2023-06-05 20:42:27.8962351: Xal.lib(0)] XAL: [op 108038984] Added operation as handle 06708BB4 with type 78CFF0FC
[Info: 2023-06-05 20:42:27.8962488: XalStorage.cpp(316)] [op 06708BB4] Xal Read callback - Started
[Info: 2023-06-05 20:42:27.9009953: XalStorage.cpp(428)] [op 06708BB4] Xal Read callback - Succeeded
[Info: 2023-06-05 20:42:27.9011496: Xal.lib(0)] XAL: [op 108038984] Client operation StorageReadPlatformOperation platform handler reported completion status 'XalPlatformOperationResult_Success' (0)
[Info: 2023-06-05 20:42:27.9011788: Xal.lib(0)] XAL: [op 108038984] Cleared operation handle 06708BB4
[Info: 2023-06-05 20:42:27.9012019: Xal.lib(0)] XAL: [op 108038984] Client operation StorageReadPlatformOperation succeeded
[Info: 2023-06-05 20:42:27.9064107: NetQueue.cpp(557)] NetQueue: Primary ip: 13.107.238.33, Host: piston-meta.mojang.com
[Info: 2023-06-05 20:42:27.9064453: NetQueue.cpp(646)] NetQueue: Action finished: https://piston-meta.mojang.com/v1/packages/d840477f541f324365b5cd87661b329846d64185/1.19.4.json
[Info: 2023-06-05 20:42:27.9064680: NetQueue.cpp(676)] Action finalized: https://piston-meta.mojang.com/v1/packages/d840477f541f324365b5cd87661b329846d64185/1.19.4.json
[Info: 2023-06-05 20:42:27.9065191: GameVersionManager.cpp(562)] Got game version 1.19.4 manifest from https://piston-meta.mojang.com/v1/packages/d840477f541f324365b5cd87661b329846d64185/1.19.4.json
[Info: 2023-06-05 20:42:27.9087427: GameVersionManager.cpp(514)] Request version details for: 1.20-pre1
[Info: 2023-06-05 20:42:27.9088573: NetQueue.cpp(767)] NetQueue: Starting net action https://piston-meta.mojang.com/v1/packages/4b3e52ad583c7ee969c9d65b1d8bb5be9c5757d1/1.20-pre1.json
[Info: 2023-06-05 20:42:27.9254725: NetQueue.cpp(557)] NetQueue: Primary ip: 13.107.238.33, Host: piston-meta.mojang.com
[Info: 2023-06-05 20:42:27.9255091: NetQueue.cpp(646)] NetQueue: Action finished: https://piston-meta.mojang.com/v1/packages/4b3e52ad583c7ee969c9d65b1d8bb5be9c5757d1/1.20-pre1.json
[Info: 2023-06-05 20:42:27.9255283: NetQueue.cpp(676)] Action finalized: https://piston-meta.mojang.com/v1/packages/4b3e52ad583c7ee969c9d65b1d8bb5be9c5757d1/1.20-pre1.json
[Info: 2023-06-05 20:42:27.9255719: GameVersionManager.cpp(562)] Got game version 1.20-pre1 manifest from https://piston-meta.mojang.com/v1/packages/4b3e52ad583c7ee969c9d65b1d8bb5be9c5757d1/1.20-pre1.json
[Info: 2023-06-05 20:42:27.9271670: GameVersionManager.cpp(514)] Request version details for: 1.20-pre4
[Info: 2023-06-05 20:42:27.9272512: NetQueue.cpp(767)] NetQueue: Starting net action https://piston-meta.mojang.com/v1/packages/4dc5739650cc59d361b66efb8ef1d027b93f2491/1.20-pre4.json
[Info: 2023-06-05 20:42:27.9449996: NetQueue.cpp(557)] NetQueue: Primary ip: 13.107.238.33, Host: piston-meta.mojang.com
[Info: 2023-06-05 20:42:27.9450427: NetQueue.cpp(646)] NetQueue: Action finished: https://piston-meta.mojang.com/v1/packages/4dc5739650cc59d361b66efb8ef1d027b93f2491/1.20-pre4.json
[Info: 2023-06-05 20:42:27.9450655: NetQueue.cpp(676)] Action finalized: https://piston-meta.mojang.com/v1/packages/4dc5739650cc59d361b66efb8ef1d027b93f2491/1.20-pre4.json
[Info: 2023-06-05 20:42:27.9451175: GameVersionManager.cpp(562)] Got game version 1.20-pre4 manifest from https://piston-meta.mojang.com/v1/packages/4dc5739650cc59d361b66efb8ef1d027b93f2491/1.20-pre4.json
[Info: 2023-06-05 20:42:27.9468595: GameVersionManager.cpp(514)] Request version details for: 23w14a
[Info: 2023-06-05 20:42:27.9469441: NetQueue.cpp(767)] NetQueue: Starting net action https://piston-meta.mojang.com/v1/packages/66e97d1a6f1b83cb91f5b3979aa9ee0bdad4b6bb/23w14a.json
[Info: 2023-06-05 20:42:27.9634643: NetQueue.cpp(557)] NetQueue: Primary ip: 13.107.238.33, Host: piston-meta.mojang.com
